[Paper0]
Name=Custom Size 1
DisplayName=Custom Size 1
Width=210.05799999999996
Height=296.92599999999999
MarginTop=6.3499999999999996
MarginBottom=6.3499999999999996
MarginLeft=6.3499999999999996
MarginRight=6.3499999999999996
Orientation=portrait
